#bts,1302
#mamavote,1015
#mayamusicfestival,879
#masterchefjuniorthailand,821
#wannaone,470
#exo,392
#nct,331
#sotusstheseries,277
#sexyzone,273
#btsintaiwan,265
